time,adf,tdif,adfdif,A,B
37200,0.104733542,37200.0,0.104733542,13.515529999999998,12.1
46800,0.141728014,9600.0,0.036994472000000014,13.515529999999998,11.6
57000,0.18612141899999998,10200.0,0.04439340499999997,13.515529999999998,11.0
97200,0.37849274299999996,40200.0,0.19237132399999998,13.515529999999998,8.4
133800,0.5782629,36600.0,0.19977015700000006,13.515529999999998,5.7
176400,0.71884197,42600.0,0.14057907000000003,13.515529999999998,3.8
37200,0.104733542,37200.0,0.104733542,13.515529999999998,12.1
46200,0.141728014,9000.0,0.036994472000000014,13.515529999999998,11.6
57000,0.18612141899999998,10800.0,0.04439340499999997,13.515529999999998,11.0
97200,0.37849274299999996,40200.0,0.19237132399999998,13.515529999999998,8.4
133200,0.5782629,36000.0,0.19977015700000006,13.515529999999998,5.7
175800,0.71884197,42600.0,0.14057907000000003,13.515529999999998,3.8
37200,0.104733542,37200.0,0.104733542,13.515529999999998,12.1
46200,0.141728014,9000.0,0.036994472000000014,13.515529999999998,11.6
57000,0.18612141899999998,10800.0,0.04439340499999997,13.515529999999998,11.0
96600,0.37849274299999996,39600.0,0.19237132399999998,13.515529999999998,8.4
151200,0.5782629,54600.0,0.19977015700000006,13.515529999999998,5.7
175800,0.71884197,24600.0,0.14057907000000003,13.515529999999998,3.8
37200,0.104733542,37200.0,0.104733542,13.515529999999998,12.1
46200,0.141728014,9000.0,0.036994472000000014,13.515529999999998,11.6
56400,0.18612141899999998,10200.0,0.04439340499999997,13.515529999999998,11.0
96600,0.37849274299999996,40200.0,0.19237132399999998,13.515529999999998,8.4
133200,0.5782629,36600.0,0.19977015700000006,13.515529999999998,5.7
175800,0.71884197,42600.0,0.14057907000000003,13.515529999999998,3.8
37200,0.104733542,37200.0,0.104733542,13.515529999999998,12.1
46200,0.141728014,9000.0,0.036994472000000014,13.515529999999998,11.6
57000,0.18612141899999998,10800.0,0.04439340499999997,13.515529999999998,11.0
96600,0.37849274299999996,39600.0,0.19237132399999998,13.515529999999998,8.4
133200,0.5782629,36600.0,0.19977015700000006,13.515529999999998,5.7
175800,0.71884197,42600.0,0.14057907000000003,13.515529999999998,3.8
13200,0.04466313,13200.0,0.04466313,13.50309,12.9
22800,0.06688021,9600.0,0.022217079999999993,13.50309,12.6
40800,0.111314513,18000.0,0.04443430300000001,13.50309,12.0
55800,0.16315448300000002,15000.0,0.05183997000000001,13.50309,11.3
118200,0.489005834,62400.0,0.32585135099999996,13.50309,6.9
144600,0.637120068,26400.0,0.148114234,13.50309,4.9
189000,0.7333944,44400.0,0.09627433200000002,13.50309,3.6
37200,0.104733542,37200.0,0.104733542,13.515529999999998,12.1
46800,0.141728014,9600.0,0.036994472000000014,13.515529999999998,11.6
57000,0.18612141899999998,10200.0,0.04439340499999997,13.515529999999998,11.0
97200,0.37849274299999996,40200.0,0.19237132399999998,13.515529999999998,8.4
133800,0.5782629,36600.0,0.19977015700000006,13.515529999999998,5.7
176400,0.71884197,42600.0,0.14057907000000003,13.515529999999998,3.8
13200,0.04466313,13200.0,0.04466313,13.50309,12.9
22200,0.06688021,9000.0,0.022217079999999993,13.50309,12.6
40800,0.111314513,18600.0,0.04443430300000001,13.50309,12.0
55800,0.16315448300000002,15000.0,0.05183997000000001,13.50309,11.3
118200,0.489005834,62400.0,0.32585135099999996,13.50309,6.9
144000,0.637120068,25800.0,0.148114234,13.50309,4.9
37200,0.104733542,37200.0,0.104733542,13.515529999999998,12.1
46200,0.141728014,9000.0,0.036994472000000014,13.515529999999998,11.6
57000,0.18612141899999998,10800.0,0.04439340499999997,13.515529999999998,11.0
97200,0.37849274299999996,40200.0,0.19237132399999998,13.515529999999998,8.4
133800,0.5782629,36600.0,0.19977015700000006,13.515529999999998,5.7
176400,0.71884197,42600.0,0.14057907000000003,13.515529999999998,3.8
12600,0.04466313,12600.0,0.04466313,13.50309,12.9
22200,0.06688021,9600.0,0.022217079999999993,13.50309,12.6
40800,0.111314513,18600.0,0.04443430300000001,13.50309,12.0
55800,0.16315448300000002,15000.0,0.05183997000000001,13.50309,11.3
117600,0.489005834,61800.0,0.32585135099999996,13.50309,6.9
144000,0.637120068,26400.0,0.148114234,13.50309,4.9
37200,0.104733542,37200.0,0.104733542,13.515529999999998,12.1
46200,0.141728014,9000.0,0.036994472000000014,13.515529999999998,11.6
57000,0.18612141899999998,10800.0,0.04439340499999997,13.515529999999998,11.0
97200,0.37849274299999996,40200.0,0.19237132399999998,13.515529999999998,8.4
133800,0.5782629,36600.0,0.19977015700000006,13.515529999999998,5.7
176400,0.71884197,42600.0,0.14057907000000003,13.515529999999998,3.8
36600,0.104733542,36600.0,0.104733542,13.515529999999998,12.1
46200,0.141728014,9600.0,0.036994472000000014,13.515529999999998,11.6
56400,0.18612141899999998,10200.0,0.04439340499999997,13.515529999999998,11.0
96600,0.37849274299999996,40200.0,0.19237132399999998,13.515529999999998,8.4
133200,0.5782629,36600.0,0.19977015700000006,13.515529999999998,5.7
175800,0.71884197,42600.0,0.14057907000000003,13.515529999999998,3.8
37200,0.104733542,37200.0,0.104733542,13.515529999999998,12.1
46200,0.141728014,9000.0,0.036994472000000014,13.515529999999998,11.6
57000,0.18612141899999998,10800.0,0.04439340499999997,13.515529999999998,11.0
97200,0.37849274299999996,40200.0,0.19237132399999998,13.515529999999998,8.4
133800,0.5782629,36600.0,0.19977015700000006,13.515529999999998,5.7
175800,0.71884197,42000.0,0.14057907000000003,13.515529999999998,3.8
13200,0.04466313,0.0,0.04466313,13.50309,12.9
22800,0.06688021,9600.0,0.022217079999999993,13.50309,12.6
40800,0.111314513,18000.0,0.04443430300000001,13.50309,12.0
55800,0.16315448300000002,15000.0,0.05183997000000001,13.50309,11.3
118200,0.489005834,62400.0,0.32585135099999996,13.50309,6.9
144600,0.637120068,26400.0,0.148114234,13.50309,4.9
13200,0.044662863,13200.0,0.044662863,13.5030861,12.9
22800,0.06687995,9600.0,0.022217086999999996,13.5030861,12.6
40800,0.111314267,18000.0,0.044434317,13.5030861,12.0
55800,0.163154244,15000.0,0.05183997700000001,13.5030861,11.3
118200,0.489005685,62400.0,0.325851441,13.5030861,6.9
144600,0.63712,26400.0,0.148114315,13.5030861,4.9
34200,0.104136996,34200.0,0.104136996,13.50653,12.1
69600,0.23000209,35400.0,0.125865094,13.50653,10.4
129600,0.58538574,60000.0,0.35538365,13.50653,5.6
156000,0.674231648,26400.0,0.08884590800000003,13.50653,4.4
35400,0.059941682999999996,35400.0,0.059941682999999996,13.5098,12.7
77400,0.24499253899999998,42000.0,0.18505085599999999,13.5098,10.2
99600,0.36342504600000003,22200.0,0.11843250700000005,13.5098,8.6
150600,0.615094244,51000.0,0.251669198,13.5098,5.2
35400,0.059941682999999996,35400.0,0.059941682999999996,13.5098,12.7
77400,0.24499253899999998,42000.0,0.18505085599999999,13.5098,10.2
100200,0.36342504600000003,22800.0,0.11843250700000005,13.5098,8.6
35400,0.059941682999999996,35400.0,0.059941682999999996,13.5098,12.7
77400,0.24499253899999998,42000.0,0.18505085599999999,13.5098,10.2
100200,0.36342504600000003,22800.0,0.11843250700000005,13.5098,8.6
150600,0.615094244,50400.0,0.251669198,13.5098,5.2
34800,0.059941682999999996,34800.0,0.059941682999999996,13.5098,12.7
77400,0.24499253899999998,42600.0,0.18505085599999999,13.5098,10.2
99600,0.36342504600000003,22200.0,0.11843250700000005,13.5098,8.6
150000,0.615094244,50400.0,0.251669198,13.5098,5.2
187200,0.726124763,37200.0,0.11103051899999994,13.5098,3.7
35400,0.059941682999999996,35400.0,0.059941682999999996,13.5098,12.7
77400,0.24499253899999998,42000.0,0.18505085599999999,13.5098,10.2
99600,0.36342504600000003,22200.0,0.11843250700000005,13.5098,8.6
150600,0.615094244,51000.0,0.251669198,13.5098,5.2
35400,0.059941682999999996,35400.0,0.059941682999999996,13.5098,12.7
77400,0.24499253899999998,42000.0,0.18505085599999999,13.5098,10.2
99600,0.36342504600000003,22200.0,0.11843250700000005,13.5098,8.6
150600,0.615094244,51000.0,0.251669198,13.5098,5.2
35400,0.059941682999999996,35400.0,0.059941682999999996,13.5098,12.7
77400,0.24499253899999998,42000.0,0.18505085599999999,13.5098,10.2
99600,0.36342504600000003,22200.0,0.11843250700000005,13.5098,8.6
150600,0.615094244,51000.0,0.251669198,13.5098,5.2
35400,0.059941682999999996,35400.0,0.059941682999999996,13.5098,12.7
77400,0.24499253899999998,42000.0,0.18505085599999999,13.5098,10.2
100200,0.36342504600000003,22800.0,0.11843250700000005,13.5098,8.6
150600,0.615094244,50400.0,0.251669198,13.5098,5.2
34800,0.059941682999999996,34800.0,0.059941682999999996,13.5098,12.7
77400,0.24499253899999998,42600.0,0.18505085599999999,13.5098,10.2
99600,0.36342504600000003,22200.0,0.11843250700000005,13.5098,8.6
150000,0.615094244,50400.0,0.251669198,13.5098,5.2
21000,0.0524140671,21000.0,0.0524140671,13.50801,12.8
31200,0.07462312,10200.0,0.022209052899999998,13.50801,12.5
43800,0.1116382,12600.0,0.037015080000000006,13.50801,12.0
67200,0.1930714,23400.0,0.0814332,13.50801,10.9
104400,0.39295277,37200.0,0.19988137,13.50801,8.2
15600,0.0599420145,15600.0,0.0599420145,13.509804699999998,12.7
58200,0.244992808,42600.0,0.1850507935,13.509804699999998,10.2
80400,0.363425255,22200.0,0.118432447,13.509804699999998,8.6
34800,0.0599420145,34800.0,0.0599420145,13.509804699999998,12.7
77400,0.244992808,42600.0,0.1850507935,13.509804699999998,10.2
99600,0.363425255,22200.0,0.118432447,13.509804699999998,8.6
150000,0.615094364,50400.0,0.25166910899999995,13.509804699999998,5.2
18600,0.08176173,18600.0,0.08176173,13.50412,12.4
47400,0.14840804,28800.0,0.06664630999999999,13.50412,11.5
62400,0.21505433300000001,15000.0,0.06664629300000002,13.50412,10.6
106200,0.444613934,43800.0,0.22955960099999997,13.50412,7.5
150600,0.6593631999999999,44400.0,0.21474926599999994,13.50412,4.6
25200,0.08176173,25200.0,0.08176173,13.50412,12.4
54000,0.14840804,28800.0,0.06664630999999999,13.50412,11.5
69000,0.21505433300000001,15000.0,0.06664629300000002,13.50412,10.6
113400,0.444613934,44400.0,0.22955960099999997,13.50412,7.5
157200,0.6593631999999999,43800.0,0.21474926599999994,13.50412,4.6
28200,0.08215933,28200.0,0.08215933,13.509970000000001,12.4
43800,0.12657094,15600.0,0.04441160999999999,13.509970000000001,11.8
49200,0.14877677,5400.0,0.02220583000000001,13.509970000000001,11.5
85800,0.31161946100000004,36600.0,0.16284269100000004,13.509970000000001,9.3
121200,0.46706026799999995,35400.0,0.1554408069999999,13.509970000000001,7.2
25200,0.08176173,25200.0,0.08176173,13.50412,12.4
54000,0.14840804,28800.0,0.06664630999999999,13.50412,11.5
68400,0.21505433300000001,14400.0,0.06664629300000002,13.50412,10.6
112800,0.444613934,44400.0,0.22955960099999997,13.50412,7.5
157200,0.6593631999999999,44400.0,0.21474926599999994,13.50412,4.6
25200,0.08176173,25200.0,0.08176173,13.50412,12.4
54000,0.14840804,28800.0,0.06664630999999999,13.50412,11.5
68400,0.21505433300000001,14400.0,0.06664629300000002,13.50412,10.6
112800,0.444613934,44400.0,0.22955960099999997,13.50412,7.5
157200,0.6593631999999999,44400.0,0.21474926599999994,13.50412,4.6
28200,0.08215933,28200.0,0.08215933,13.509970000000001,12.4
43800,0.12657094,15600.0,0.04441160999999999,13.509970000000001,11.8
48600,0.14877677,4800.0,0.02220583000000001,13.509970000000001,11.5
85200,0.31161946100000004,36600.0,0.16284269100000004,13.509970000000001,9.3
25200,0.08176173,25200.0,0.08176173,13.50412,12.4
54000,0.14840804,28800.0,0.06664630999999999,13.50412,11.5
68400,0.21505433300000001,14400.0,0.06664629300000002,13.50412,10.6
112800,0.444613934,44400.0,0.22955960099999997,13.50412,7.5
157200,0.6593631999999999,44400.0,0.21474926599999994,13.50412,4.6
25200,0.08176173,25200.0,0.08176173,13.50412,12.4
54000,0.14840804,28800.0,0.06664630999999999,13.50412,11.5
69000,0.21505433300000001,15000.0,0.06664629300000002,13.50412,10.6
113400,0.444613934,44400.0,0.22955960099999997,13.50412,7.5
157200,0.6593631999999999,43800.0,0.21474926599999994,13.50412,4.6
25200,0.08176173,25200.0,0.08176173,13.50412,12.4
54000,0.14840804,28800.0,0.06664630999999999,13.50412,11.5
69000,0.21505433300000001,15000.0,0.06664629300000002,13.50412,10.6
113400,0.444613934,44400.0,0.22955960099999997,13.50412,7.5
157200,0.6593631999999999,43800.0,0.21474926599999994,13.50412,4.6
201000,0.7408198,43800.0,0.0814566000000001,13.50412,3.5
24600,0.08176173,24600.0,0.08176173,13.50412,12.4
54000,0.14840804,29400.0,0.06664630999999999,13.50412,11.5
68400,0.21505433300000001,14400.0,0.06664629300000002,13.50412,10.6
112800,0.444613934,44400.0,0.22955960099999997,13.50412,7.5
157200,0.6593631999999999,44400.0,0.21474926599999994,13.50412,4.6
28800,0.08215933,28800.0,0.08215933,13.509970000000001,12.4
43800,0.12657094,15000.0,0.04441160999999999,13.509970000000001,11.8
49200,0.14877677,5400.0,0.02220583000000001,13.509970000000001,11.5
85800,0.31161946100000004,36600.0,0.16284269100000004,13.509970000000001,9.3
121200,0.46706026799999995,35400.0,0.1554408069999999,13.509970000000001,7.2
24600,0.08176173,24600.0,0.08176173,13.50412,12.4
54000,0.14840804,29400.0,0.06664630999999999,13.50412,11.5
68400,0.21505433300000001,14400.0,0.06664629300000002,13.50412,10.6
112800,0.444613934,44400.0,0.22955960099999997,13.50412,7.5
156600,0.6593631999999999,43800.0,0.21474926599999994,13.50412,4.6
25200,0.08176180000000001,25200.0,0.08176180000000001,13.5041208,12.4
54000,0.14840810000000002,28800.0,0.0666463,13.5041208,11.5
69000,0.21505439999999998,15000.0,0.06664629999999996,13.5041208,10.6
113400,0.44461396299999995,44400.0,0.22955956299999997,13.5041208,7.5
157200,0.65936327,43800.0,0.214749307,13.5041208,4.6
24600,0.08176180000000001,24600.0,0.08176180000000001,13.5041208,12.4
54000,0.14840810000000002,29400.0,0.0666463,13.5041208,11.5
68400,0.21505439999999998,14400.0,0.06664629999999996,13.5041208,10.6
112800,0.44461396299999995,44400.0,0.22955956299999997,13.5041208,7.5
157200,0.65936327,44400.0,0.214749307,13.5041208,4.6
28800,0.0821592659,28800.0,0.0821592659,13.5099688,12.4
43800,0.12657088,15000.0,0.044411614099999996,13.5099688,11.8
49200,0.14877671,5400.0,0.02220583000000001,13.5099688,11.5
85800,0.31161940000000005,36600.0,0.16284269000000004,13.5099688,9.3
121200,0.4670602,35400.0,0.15544079999999993,13.5099688,7.2
